43.028999 131.901153
43.028999 131.901153
43.028999 131.901153
43.028999 131.901153
43.028999 131.901153
43.028999 131.901153
43.028999 131.901153
43.028999 131.901153
43.028999 131.901153
43.028999 131.901153
43.028999 131.901153
43.028999 131.901153
43.028999 131.901153
43.028999 131.901153
43.028999 131.901153
43.028999 131.901153
43.028999 131.901153
43.028999 131.901153
43.028999 131.901153
43.028999 131.901153
43.028999 131.901153
43.028999 131.901153
43.028999 131.901153
43.028999 131.901153
43.028999 131.901153
43.028999 131.901153
43.028999 131.901153
43.028999 131.901153
43.028999 131.901153
43.028995 131.901153
43.028995 131.901153
43.028995 131.901153
43.028995 131.901153
43.028995 131.901153
43.028995 131.901153
43.028995 131.901153
43.028995 131.901153
43.028995 131.901153
43.028995 131.901153
43.028995 131.901153
43.028995 131.901153
43.028995 131.901153
43.028995 131.901153
43.028995 131.901153
43.028995 131.901153
43.028995 131.901153
43.028995 131.901153
43.028995 131.901153
43.028995 131.901153
43.028995 131.901153
43.028995 131.901153
43.028995 131.901153
43.028995 131.901153
43.028995 131.901153
43.028995 131.901153
43.028995 131.901153
43.028995 131.901153
43.028995 131.901153
43.028995 131.901153
43.028995 131.901153
43.028995 131.901153
43.028987 131.901123
43.028987 131.901123
43.028987 131.901123
43.028987 131.901123
43.028987 131.901123
43.028987 131.901123
43.028987 131.901123
43.028987 131.901123
43.028987 131.901123
43.028987 131.901123
43.028987 131.901123
43.028987 131.901123
43.028987 131.901123
43.028987 131.901123
43.028987 131.901123
43.028987 131.901123
43.028987 131.901123
43.028987 131.901123
43.028987 131.901123
43.028987 131.901123
43.028987 131.901123
43.028987 131.901123
43.028987 131.901123
43.028987 131.901123
43.028987 131.901123
43.028987 131.901123
43.028987 131.901123
43.028987 131.901123
43.028987 131.901123
43.028987 131.901123
43.028987 131.901123
43.028984 131.901107
43.028984 131.901107
43.028984 131.901107
43.028984 131.901107
43.028984 131.901107
43.028984 131.901107
43.028984 131.901107
43.028984 131.901107
43.028984 131.901107
43.028984 131.901107
43.028984 131.901107
43.028984 131.901107
43.028984 131.901107
43.028984 131.901107
43.028984 131.901107
43.028984 131.901107
43.028984 131.901107
43.028984 131.901107
43.028984 131.901107
43.028984 131.901107
43.028984 131.901107
43.028984 131.901107
43.028984 131.901107
43.028976 131.901092
43.028976 131.901092
43.028976 131.901092
43.028976 131.901092
43.028976 131.901092
43.028976 131.901092
43.028976 131.901092
43.028976 131.901092
43.028976 131.901092
43.028976 131.901092
43.028976 131.901092
43.028976 131.901092
43.028976 131.901092
43.028976 131.901092
43.028976 131.901092
43.028976 131.901092
43.028976 131.901092
43.028976 131.901092
43.028976 131.901092
43.028976 131.901092
43.028976 131.901092
43.028972 131.901077
43.028972 131.901077
43.028972 131.901077
43.028972 131.901077
43.028972 131.901077
43.028972 131.901077
43.028972 131.901077
43.028972 131.901077
43.028972 131.901077
43.028972 131.901077
43.028972 131.901077
43.028972 131.901077
43.028972 131.901077
43.028972 131.901077
43.028972 131.901077
43.028972 131.901077
43.028972 131.901077
43.028972 131.901077
43.028972 131.901077
43.028972 131.901077
43.028972 131.901077
43.028972 131.901077
43.028972 131.901077
43.028972 131.901077
43.028972 131.901077
43.028972 131.901077
43.028972 131.901077
43.028968 131.901062
43.028968 131.901062
43.028968 131.901062
43.028968 131.901062
43.028968 131.901062
43.028968 131.901062
43.028968 131.901062
43.028968 131.901062
43.028968 131.901062
43.028968 131.901062
43.028968 131.901062
43.028968 131.901062
43.028968 131.901062
43.028968 131.901062
43.028968 131.901062
43.028968 131.901062
43.028968 131.901062
43.028968 131.901062
43.028968 131.901062
43.028968 131.901062
43.028968 131.901062
43.028968 131.901062
43.028968 131.901062
43.028968 131.901062
43.028968 131.901062
43.028968 131.901062
43.028968 131.901062
43.028968 131.901062
43.028968 131.901062
43.028968 131.901062
43.028968 131.901062
43.028968 131.901062
43.028964 131.901031
43.028964 131.901031
43.028964 131.901031
43.028964 131.901031
43.028964 131.901031
43.028964 131.901031
43.028964 131.901031
43.028964 131.901031
43.028964 131.901031
43.028964 131.901031
43.028964 131.901031
43.028964 131.901031
43.028964 131.901031
43.028964 131.901031
43.028964 131.901031
43.028964 131.901031
43.028964 131.901031
43.028964 131.901031
43.028964 131.901031
43.028964 131.901031
43.028964 131.901031
43.028964 131.901031
43.028964 131.901031
43.028964 131.901031
43.028964 131.901031
43.028964 131.901031
43.028964 131.901031
43.028964 131.901031
43.028964 131.901031
43.028964 131.901031
43.028964 131.901031
43.028964 131.901031
43.028964 131.901031
43.028964 131.901031
43.028964 131.901031
43.028964 131.901031
43.028964 131.901031
43.028964 131.901031
43.028964 131.901031
43.028964 131.901031
43.028964 131.901031
43.028964 131.901031
43.028964 131.901031
43.028964 131.901031
43.028964 131.901031
43.028964 131.901031
43.028964 131.901031
43.028964 131.901031
43.028964 131.901031
43.028964 131.901031
43.028964 131.901031
43.028964 131.901031
43.028964 131.901031
43.028964 131.901031
43.028964 131.901031
43.028953 131.900985
43.028953 131.900985
43.028953 131.900985
43.028953 131.900985
43.028953 131.900985
43.028953 131.900985
43.028953 131.900985
43.028953 131.900985
43.028953 131.900985
43.028953 131.900985
43.028953 131.900985
43.028953 131.900985
43.028953 131.900985
43.028953 131.900985
43.028953 131.900985
43.028953 131.900985
43.028953 131.900985
43.028953 131.900985
43.028953 131.900985
43.028953 131.900985
43.028953 131.900985
43.028953 131.900985
43.028953 131.900985
43.028953 131.900985
43.028953 131.900985
43.028953 131.900985
43.028953 131.900985
43.028953 131.900985
43.028953 131.90097
43.028953 131.90097
43.028953 131.90097
43.028953 131.90097
43.028953 131.90097
43.028953 131.90097
43.028953 131.90097
43.028953 131.90097
43.028953 131.90097
43.028953 131.90097
43.028953 131.90097
43.028953 131.90097
43.028953 131.90097
43.028953 131.90097
43.028953 131.90097
43.028953 131.90097
43.028953 131.90097
43.028953 131.90097
43.028953 131.90097
43.028953 131.90097
43.028953 131.90097
43.028953 131.90097
43.028953 131.90097
43.028953 131.90097
43.028953 131.90097
43.028953 131.90097
43.028953 131.90097
43.028953 131.90097
43.028953 131.90097
43.028953 131.900955
43.028953 131.900955
43.028953 131.900955
43.028953 131.900955
43.028953 131.900955
43.028953 131.900955
43.028953 131.900955
43.028953 131.900955
43.028953 131.900955
43.028953 131.900955
43.028953 131.900955
43.028953 131.900955
43.028953 131.900955
43.028953 131.900955
43.028953 131.900955
43.028953 131.900955
43.028953 131.900955
43.028953 131.900955
43.028953 131.900955
43.028953 131.900955
43.028953 131.900955
43.028953 131.900955
43.028953 131.900955
43.028953 131.900955
43.028953 131.900955
43.028953 131.900955
43.028953 131.900955
43.028949 131.900939
43.028949 131.900939
43.028949 131.900939
43.028949 131.900939
43.028949 131.900939
43.028949 131.900939
43.028949 131.900939
43.028949 131.900939
43.028949 131.900939
43.028949 131.900939
43.028949 131.900939
43.028949 131.900939
43.028949 131.900939
43.028949 131.900939
43.028949 131.900939
43.028949 131.900939
43.028949 131.900939
43.028949 131.900939
43.028949 131.900939
43.028949 131.900939
43.028949 131.900939
43.028949 131.900939
43.028949 131.900939
43.028949 131.900939
43.028949 131.900939
43.028949 131.900939
43.028949 131.900939
43.028938 131.900909
43.028938 131.900909
43.028938 131.900909
43.028938 131.900909
43.028938 131.900909
43.028938 131.900909
43.028938 131.900909
43.028938 131.900909
43.028938 131.900909
43.028938 131.900909
43.028938 131.900909
43.028938 131.900909
43.028938 131.900909
43.028938 131.900909
43.028938 131.900909
43.028938 131.900909
43.028938 131.900909
43.028938 131.900909
43.028938 131.900909
43.028938 131.900909
43.028938 131.900909
43.028938 131.900909
43.028938 131.900909
43.028938 131.900909
43.028938 131.900909
43.028938 131.900909
43.028938 131.900909
43.028938 131.900909
43.028934 131.900894
43.028934 131.900894
43.028934 131.900894
43.028934 131.900894
43.028934 131.900894
43.028934 131.900894
43.028934 131.900894
43.028934 131.900894
43.028934 131.900894
43.028934 131.900894
43.028934 131.900894
43.028934 131.900894
43.028934 131.900894
43.028934 131.900894
43.028934 131.900894
43.028934 131.900894
43.028934 131.900894
43.028934 131.900894
43.028934 131.900894
43.028934 131.900894
43.028934 131.900894
43.028934 131.900894
43.028934 131.900894
43.028934 131.900894
43.028934 131.900894
43.028934 131.900894
43.028934 131.900894
43.02893 131.900878
43.02893 131.900878
43.02893 131.900878
43.02893 131.900878
43.02893 131.900878
43.02893 131.900878
43.02893 131.900878
43.02893 131.900878
43.02893 131.900878
43.02893 131.900878
43.02893 131.900878
43.02893 131.900878
43.02893 131.900878
43.02893 131.900878
43.02893 131.900878
43.02893 131.900878
43.02893 131.900878
43.02893 131.900878
43.02893 131.900878
43.02893 131.900878
43.02893 131.900878
43.02893 131.900878
43.02893 131.900878
43.02893 131.900878
43.02893 131.900878
43.02893 131.900878
43.02893 131.900878
43.028926 131.900848
43.028926 131.900848
43.028926 131.900848
43.028926 131.900848
43.028926 131.900848
43.028926 131.900848
43.028926 131.900848
43.028926 131.900848
43.028926 131.900848
43.028926 131.900848
43.028926 131.900848
43.028926 131.900848
43.028926 131.900848
43.028926 131.900848
43.028926 131.900848
43.028926 131.900848
43.028926 131.900848
43.028926 131.900848
43.028926 131.900848
43.028926 131.900848
43.028926 131.900848
43.028926 131.900848
43.028926 131.900848
43.028926 131.900848
43.028926 131.900848
43.028926 131.900848
43.028926 131.900848
43.028926 131.900848
43.028919 131.900833
43.028919 131.900833
43.028919 131.900833
43.028919 131.900833
43.028919 131.900833
43.028919 131.900833
43.028919 131.900833
43.028919 131.900833
43.028919 131.900833
43.028919 131.900833
43.028919 131.900833
43.028919 131.900833
43.028919 131.900833
43.028919 131.900833
43.028919 131.900833
43.028919 131.900833
43.028919 131.900833
43.028919 131.900833
43.028919 131.900833
43.028919 131.900833
43.028919 131.900833
43.028919 131.900833
43.028919 131.900833
43.028919 131.900833
43.028919 131.900833
43.028919 131.900833
43.028919 131.900833
43.028919 131.900833
43.028919 131.900833
43.028919 131.900833
43.028919 131.900802
43.028919 131.900802
43.028919 131.900802
43.028919 131.900802
43.028919 131.900802
43.028919 131.900802
43.028919 131.900802
43.028919 131.900802
43.028919 131.900802
43.028919 131.900802
43.028919 131.900802
43.028919 131.900802
43.028919 131.900802
43.028919 131.900802
43.028919 131.900802
43.028919 131.900802
43.028919 131.900802
43.028919 131.900802
43.028919 131.900802
43.028919 131.900802
43.028919 131.900802
43.028919 131.900802
43.028919 131.900802
43.028919 131.900802
43.028919 131.900802
43.028919 131.900802
43.028919 131.900802
43.028919 131.900802
43.028919 131.900802
43.028915 131.900802
43.028915 131.900802
43.028915 131.900802
43.028915 131.900802
43.028915 131.900802
43.028915 131.900802
43.028915 131.900802
43.028915 131.900802
43.028915 131.900802
43.028915 131.900802
43.028915 131.900802
43.028915 131.900802
43.028915 131.900802
43.028915 131.900802
43.028915 131.900802
43.028915 131.900802
43.028915 131.900802
43.028915 131.900802
43.028915 131.900802
43.028915 131.900802
43.028915 131.900802
43.028915 131.900802
43.028915 131.900802
43.028915 131.900802
43.028915 131.900802
43.028915 131.900802
43.028915 131.900802
43.028911 131.900787
43.028911 131.900787
43.028911 131.900787
43.028911 131.900787
43.028911 131.900787
43.028911 131.900787
43.028911 131.900787
43.028911 131.900787
43.028911 131.900787
43.028911 131.900787
43.028911 131.900787
43.028911 131.900787
43.028911 131.900787
43.028911 131.900787
43.028911 131.900787
43.028911 131.900787
43.028911 131.900787
43.028911 131.900787
43.028911 131.900787
43.028911 131.900787
43.028911 131.900787
43.028911 131.900787
43.028911 131.900787
43.028911 131.900787
43.028911 131.900787
43.028911 131.900787
43.028911 131.900787
43.028903 131.900772
43.028903 131.900772
43.028903 131.900772
43.028903 131.900772
43.028903 131.900772
43.028903 131.900772
43.028903 131.900772
43.028903 131.900772
43.028903 131.900772
43.028903 131.900772
43.028903 131.900772
43.028903 131.900772
43.028903 131.900772
43.028903 131.900772
43.028903 131.900772
43.028903 131.900772
43.028903 131.900772
43.028903 131.900772
43.028903 131.900772
43.028903 131.900772
43.028903 131.900772
43.028903 131.900772
43.028903 131.900772
43.028903 131.900772
43.028903 131.900772
43.028903 131.900772
43.028903 131.900772
43.028903 131.900756
43.028903 131.900756
43.028903 131.900756
43.028903 131.900756
43.028903 131.900756
43.028903 131.900756
43.028903 131.900756
43.028903 131.900756
43.028903 131.900756
43.028903 131.900756
43.028903 131.900756
43.028903 131.900756
43.028903 131.900756
43.028903 131.900756
43.028903 131.900756
43.028903 131.900756
43.028903 131.900756
43.028903 131.900756
43.028903 131.900756
43.028903 131.900756
43.028903 131.900756
43.028903 131.900756
43.028903 131.900756
43.028903 131.900756
43.028903 131.900756
43.028903 131.900756
43.028903 131.900756
43.028903 131.900756
43.028903 131.900756
43.028903 131.900756
43.028896 131.900741
43.028896 131.900741
43.028896 131.900741
43.028896 131.900741
43.028896 131.900741
43.028896 131.900741
43.028896 131.900741
43.028896 131.900741
43.028896 131.900741
43.028896 131.900741
43.028896 131.900741
43.028896 131.900741
43.028896 131.900741
43.028896 131.900741
43.028896 131.900741
43.028896 131.900741
43.028896 131.900741
43.028896 131.900741
43.028896 131.900741
43.028896 131.900741
43.028896 131.900741
43.028896 131.900741
43.028896 131.900741
43.028896 131.900741
43.028896 131.900741
43.028896 131.900741
43.028896 131.900741
43.028896 131.900741
43.028896 131.900741
43.028888 131.900711
43.028888 131.900711
43.028888 131.900711
43.028888 131.900711
43.028888 131.900711
43.028888 131.900711
43.028888 131.900711
43.028888 131.900711
43.028888 131.900711
43.028888 131.900711
43.028888 131.900711
43.028888 131.900711
43.028888 131.900711
43.028888 131.900711
43.028888 131.900711
43.028888 131.900711
43.028888 131.900711
43.028888 131.900711
43.028888 131.900711
43.028888 131.900711
43.028888 131.900711
43.028888 131.900711
43.028888 131.900711
43.028888 131.900711
43.028888 131.900711
43.028884 131.90068
43.028884 131.90068
43.028884 131.90068
43.028884 131.90068
43.028884 131.90068
43.028884 131.90068
43.028884 131.90068
43.028884 131.90068
43.028884 131.90068
43.028884 131.90068
43.028884 131.90068
43.028884 131.90068
43.028884 131.90068
43.028884 131.90068
43.028884 131.90068
43.028884 131.90068
43.028884 131.90068
43.028884 131.90068
43.028884 131.90068
43.028884 131.90068
43.028884 131.90068
43.028884 131.90068
43.028884 131.90068
43.028884 131.90068
43.028884 131.90068
43.028881 131.900665
43.028881 131.900665
43.028881 131.900665
43.028881 131.900665
43.028881 131.900665
43.028881 131.900665
43.028881 131.900665
43.028881 131.900665
43.028881 131.900665
43.028881 131.900665
43.028881 131.900665
43.028881 131.900665
43.028881 131.900665
43.028881 131.900665
43.028881 131.900665
43.028881 131.900665
43.028881 131.900665
43.028881 131.900665
43.028881 131.900665
43.028881 131.900665
43.028881 131.900665
43.028881 131.900665
43.028881 131.900665
43.028881 131.900665
43.028881 131.900665
43.028881 131.900665
43.028881 131.900665
43.028877 131.90065
43.028877 131.90065
43.028877 131.90065
43.028877 131.90065
43.028877 131.90065
43.028877 131.90065
43.028877 131.90065
43.028877 131.90065
43.028877 131.90065
43.028877 131.90065
43.028877 131.90065
43.028877 131.90065
43.028877 131.90065
43.028877 131.90065
43.028877 131.90065
43.028877 131.90065
43.028877 131.90065
43.028877 131.90065
43.028877 131.90065
43.028877 131.90065
43.028877 131.90065
43.028877 131.90065
43.028877 131.90065
43.028877 131.90065
43.028877 131.90065
43.028877 131.90065
43.028877 131.90065
43.028877 131.90065
43.028877 131.90065
43.028873 131.900634
43.028873 131.900634
43.028873 131.900634
43.028873 131.900634
43.028873 131.900634
43.028873 131.900634
43.028873 131.900634
43.028873 131.900634
43.028873 131.900634
43.028873 131.900634
43.028873 131.900634
43.028873 131.900634
43.028873 131.900634
43.028873 131.900634
43.028873 131.900634
43.028873 131.900634
43.028873 131.900634
43.028873 131.900634
43.028873 131.900634
43.028873 131.900634
43.028873 131.900634
43.028873 131.900634
43.028873 131.900634
43.028873 131.900634
43.028873 131.900634
43.028873 131.900634
43.028873 131.900634
43.028873 131.900634
43.028865 131.900604
43.028865 131.900604
43.028865 131.900604
43.028865 131.900604
43.028865 131.900604
43.028865 131.900604
43.028865 131.900604
43.028865 131.900604
43.028865 131.900604
43.028865 131.900604
43.028865 131.900604
43.028865 131.900604
43.028865 131.900604
43.028865 131.900604
43.028865 131.900604
43.028865 131.900604
43.028865 131.900604
43.028865 131.900604
43.028865 131.900604
43.028865 131.900604
43.028865 131.900604
43.028865 131.900604
43.028865 131.900604
43.028865 131.900604
43.028865 131.900604
43.028865 131.900604
43.028865 131.900604
43.028865 131.900604
43.028865 131.900604
43.028854 131.900588
43.028854 131.900588
43.028854 131.900588
43.028854 131.900588
43.028854 131.900588
43.028854 131.900588
43.028854 131.900588
43.028854 131.900588
43.028854 131.900588
43.028854 131.900588
43.028854 131.900588
43.028854 131.900588
43.028854 131.900588
43.028854 131.900588
43.028854 131.900588
43.028854 131.900588
43.028854 131.900588
43.028854 131.900588
43.028854 131.900588
43.028854 131.900588
43.028854 131.900588
43.028854 131.900588
43.028854 131.900588
43.028854 131.900588
43.028854 131.900588
43.028854 131.900588
43.028854 131.900588
43.02885 131.900573
43.02885 131.900573
43.02885 131.900573
43.02885 131.900573
43.02885 131.900573
43.02885 131.900573
43.02885 131.900573
43.02885 131.900573
43.02885 131.900573
43.02885 131.900573
43.02885 131.900573
43.02885 131.900573
43.02885 131.900573
43.02885 131.900573
43.02885 131.900573
43.02885 131.900573
43.02885 131.900573
43.02885 131.900573
43.02885 131.900573
43.02885 131.900573
43.02885 131.900573
43.02885 131.900573
43.02885 131.900573
43.02885 131.900573
43.02885 131.900573
43.02885 131.900573
43.02885 131.900573
43.02885 131.900573
43.02885 131.900573
43.02885 131.900573
43.02885 131.900573
43.02885 131.900573
43.02885 131.900573
43.02885 131.900573
43.02885 131.900573
43.02885 131.900573
43.02885 131.900573
43.02885 131.900573
43.02885 131.900573
43.02885 131.900573
43.02885 131.900573
43.02885 131.900573
43.02885 131.900573
43.02885 131.900573
43.02885 131.900573
43.02885 131.900573
43.02885 131.900573
43.02885 131.900573
43.02885 131.900573
43.02885 131.900573
43.02885 131.900573
43.02885 131.900573
43.02885 131.900573
43.02885 131.900543
43.02885 131.900543
43.02885 131.900543
43.02885 131.900543
43.02885 131.900543
43.02885 131.900543
43.02885 131.900543
43.02885 131.900543
43.02885 131.900543
43.02885 131.900543
43.02885 131.900543
43.02885 131.900543
43.02885 131.900543
43.02885 131.900543
43.02885 131.900543
43.02885 131.900543
43.02885 131.900543
43.02885 131.900543
43.02885 131.900543
43.02885 131.900543
43.02885 131.900543
43.02885 131.900543
43.02885 131.900543
43.02885 131.900543
43.02885 131.900543
43.02885 131.900543
43.02885 131.900543
43.02885 131.900543
43.02885 131.900543
43.02885 131.900543
43.02885 131.900543
43.02885 131.900512
43.02885 131.900512
43.02885 131.900512
43.02885 131.900512
43.02885 131.900512
43.02885 131.900512
43.02885 131.900512
43.02885 131.900512
43.02885 131.900512
43.02885 131.900512
43.02885 131.900512
43.02885 131.900512
43.02885 131.900512
43.02885 131.900512
43.02885 131.900512
43.02885 131.900512
43.02885 131.900512
43.02885 131.900512
43.02885 131.900512
43.02885 131.900512
43.02885 131.900512
43.02885 131.900512
43.02885 131.900512
43.02885 131.900512
43.02885 131.900512
43.02885 131.900512
43.02885 131.900512
43.02885 131.900512
43.02885 131.900512
43.02885 131.900512
43.02885 131.900512
43.028854 131.900497
43.028854 131.900497
43.028854 131.900497
43.028854 131.900497
43.028854 131.900497
43.028854 131.900497
43.028854 131.900497
43.028854 131.900497
43.028854 131.900497
43.028854 131.900497
43.028854 131.900497
43.028854 131.900497
43.028854 131.900497
43.028854 131.900497
43.028854 131.900497
43.028854 131.900497
43.028854 131.900497
43.028854 131.900497
43.028854 131.900497
43.028854 131.900497
43.028854 131.900497
43.028854 131.900497
43.028854 131.900497
43.028854 131.900497
43.028854 131.900497
43.028854 131.900497
43.028854 131.900466
43.028854 131.900466
43.028854 131.900466
43.028854 131.900466
43.028854 131.900466
43.028854 131.900466
43.028854 131.900466
43.028854 131.900466
43.028854 131.900466
43.028854 131.900466
43.028854 131.900466
43.028854 131.900466
43.028854 131.900466
43.028854 131.900466
43.028854 131.900466
43.028854 131.900466
43.028854 131.900466
43.028854 131.900466
43.028854 131.900466
43.028854 131.900466
43.028854 131.900466
43.028854 131.900466
43.028854 131.900466
43.028854 131.900466
43.028854 131.900466
43.028854 131.900466
43.028854 131.900451
43.028854 131.900451
43.028854 131.900451
43.028854 131.900451
43.028854 131.900451
43.028854 131.900451
43.028854 131.900451
43.028854 131.900451
43.028854 131.900451
43.028854 131.900451
43.028854 131.900451
43.028854 131.900451
43.028854 131.900451
43.028854 131.900451
43.028854 131.900451
43.028854 131.900451
43.028854 131.900451
43.028854 131.900451
43.028854 131.900451
43.028854 131.900451
43.028854 131.900451
43.028854 131.900451
43.028854 131.900451
43.028854 131.900451
43.028854 131.900436
43.028854 131.900436
43.028854 131.900436
43.028854 131.900436
43.028854 131.900436
43.028854 131.900436
43.028854 131.900436
43.028854 131.900436
43.028854 131.900436
43.028854 131.900436
43.028854 131.900436
43.028854 131.900436
43.028854 131.900436
43.028854 131.900436
43.028854 131.900436
43.028854 131.900436
43.028854 131.900436
43.028854 131.900436
43.028854 131.900436
43.028854 131.900436
43.028854 131.900436
43.028854 131.900436
43.028854 131.900436
43.028854 131.900436
43.028854 131.900436
43.028854 131.900436
43.028854 131.900436
43.028854 131.900436
43.028854 131.900436
43.028854 131.900436
43.028854 131.900421
43.028854 131.900421
43.028854 131.900421
43.028854 131.900421
43.028854 131.900421
43.028854 131.900421
43.028854 131.900421
43.028854 131.900421
43.028854 131.900421
43.028854 131.900421
43.028854 131.900421
43.028854 131.900421
43.028854 131.900421
43.028854 131.900421
43.028854 131.900421
43.028854 131.900421
43.028854 131.900421
43.028854 131.900421
43.028854 131.900421
43.028854 131.900421
43.028854 131.900421
43.028854 131.900421
43.028854 131.900421
43.028854 131.900421
43.028854 131.900421
43.028854 131.900421
43.028854 131.900421
43.028854 131.900421
43.028854 131.90039
43.028854 131.90039
43.028854 131.90039
43.028854 131.90039
43.028854 131.90039
43.028854 131.90039
43.028854 131.90039
43.028854 131.90039
43.028854 131.90039
43.028854 131.90039
43.028854 131.90039
43.028854 131.90039
43.028854 131.90039
43.028854 131.90039
43.028854 131.90039
43.028854 131.90039
43.028854 131.90039
43.028854 131.90039
43.028854 131.90039
43.028854 131.90039
43.028854 131.90039
43.028854 131.90039
43.028854 131.90039
43.028854 131.90039
43.028854 131.90039
43.028854 131.90039
43.028854 131.900375
43.028854 131.900375
43.028854 131.900375
43.028854 131.900375
43.028854 131.900375
43.028854 131.900375
43.028854 131.900375
43.028854 131.900375
43.028854 131.900375
43.028854 131.900375
43.028854 131.900375
43.028854 131.900375
43.028854 131.900375
43.028854 131.900375
43.028854 131.900375
43.028854 131.900375
43.028854 131.900375
43.028854 131.900375
43.028854 131.900375
43.028854 131.900375
43.028854 131.900375
43.028854 131.900375
43.028854 131.900375
43.028854 131.900375
43.028854 131.900375
43.028854 131.900375
43.028854 131.90036
43.028854 131.90036
43.028854 131.90036
43.028854 131.90036
43.028854 131.90036
43.028854 131.90036
43.028854 131.90036
43.028854 131.90036
43.028854 131.90036
43.028854 131.90036
43.028854 131.90036
43.028854 131.90036
43.028854 131.90036
43.028854 131.90036
43.028854 131.90036
43.028854 131.90036
43.028854 131.90036
43.028854 131.90036
43.028854 131.90036
43.028854 131.90036
43.028854 131.90036
43.028854 131.90036
43.028854 131.90036
43.028854 131.90036
43.028854 131.90036
43.028854 131.90036
43.028854 131.90036
43.028854 131.900344
43.028854 131.900344
43.028854 131.900344
43.028854 131.900344
43.028854 131.900344
43.028854 131.900344
43.028854 131.900344
43.028854 131.900344
43.028854 131.900344
43.028854 131.900344
43.028854 131.900344
43.028854 131.900344
43.028854 131.900344
43.028854 131.900344
43.028854 131.900344
43.028854 131.900344
43.028854 131.900344
43.028854 131.900344
43.028854 131.900344
43.028854 131.900344
43.028854 131.900344
43.028854 131.900344
43.028854 131.900344
43.028854 131.900344
43.028854 131.900344
43.028854 131.900344
43.028854 131.900344
43.028854 131.900344
43.028854 131.900344
43.028854 131.900344
43.02885 131.900329
43.02885 131.900329
43.02885 131.900329
43.02885 131.900329
43.02885 131.900329
43.02885 131.900329
43.02885 131.900329
43.02885 131.900329
43.02885 131.900329
43.02885 131.900329
43.02885 131.900329
43.02885 131.900329
43.02885 131.900329
43.02885 131.900329
43.02885 131.900329
43.02885 131.900329
43.02885 131.900329
43.02885 131.900329
43.02885 131.900329
43.02885 131.900329
43.02885 131.900329
43.02885 131.900329
43.02885 131.900329
43.02885 131.900329
43.02885 131.900329
43.02885 131.900329
43.02885 131.900329
43.02885 131.900329
43.02885 131.900329
43.02885 131.900329
43.02885 131.900329
43.02885 131.900283
43.02885 131.900283
43.02885 131.900283
43.02885 131.900283
43.02885 131.900283
43.02885 131.900283
43.02885 131.900283
43.02885 131.900283
43.02885 131.900283
43.02885 131.900283
43.02885 131.900283
43.02885 131.900283
43.02885 131.900283
43.02885 131.900283
43.02885 131.900283
43.02885 131.900283
43.02885 131.900283
43.02885 131.900283
43.02885 131.900283
43.02885 131.900283
43.02885 131.900283
43.02885 131.900283
43.02885 131.900283
43.02885 131.900283
43.02885 131.900283
43.02885 131.900283
43.02885 131.900283
43.02885 131.900283
43.02885 131.900268
43.02885 131.900268
43.02885 131.900268
43.02885 131.900268
43.02885 131.900268
43.02885 131.900268
43.02885 131.900268
43.02885 131.900268
43.02885 131.900268
43.02885 131.900268
43.02885 131.900268
43.02885 131.900268
43.02885 131.900268
43.02885 131.900268
43.02885 131.900268
43.02885 131.900268
43.02885 131.900268
43.02885 131.900268
43.02885 131.900268
43.02885 131.900268
43.02885 131.900268
43.02885 131.900268
43.02885 131.900268
43.02885 131.900268
43.02885 131.900268
43.028846 131.900253
43.028846 131.900253
43.028846 131.900253
43.028846 131.900253
43.028846 131.900253
43.028846 131.900253
43.028846 131.900253
43.028846 131.900253
43.028846 131.900253
43.028846 131.900253
43.028846 131.900253
43.028846 131.900253
43.028846 131.900253
43.028846 131.900253
43.028846 131.900253
43.028846 131.900253
43.028846 131.900253
43.028846 131.900253
43.028846 131.900253
43.028846 131.900253
43.028846 131.900253
43.028846 131.900253
43.028846 131.900253
43.028846 131.900253
43.028846 131.900253
43.028846 131.900253
43.028846 131.900222
43.028846 131.900222
43.028846 131.900222
43.028846 131.900222
43.028846 131.900222
43.028846 131.900222
43.028846 131.900222
43.028846 131.900222
43.028846 131.900222
43.028846 131.900222
43.028846 131.900222
43.028846 131.900222
43.028846 131.900222
43.028846 131.900222
43.028846 131.900222
43.028846 131.900222
43.028846 131.900222
43.028846 131.900222
43.028846 131.900222
43.028846 131.900222
43.028846 131.900222
43.028846 131.900222
43.028846 131.900222
43.028846 131.900222
43.028846 131.900222
43.028846 131.900222
43.028842 131.900207
43.028842 131.900207
43.028842 131.900207
43.028842 131.900207
43.028842 131.900207
43.028842 131.900207
43.028842 131.900207
43.028842 131.900207
43.028842 131.900207
43.028842 131.900207
43.028842 131.900207
43.028842 131.900207
43.028842 131.900207
43.028842 131.900207
43.028842 131.900207
43.028842 131.900207
43.028842 131.900207
43.028842 131.900207
43.028842 131.900207
43.028842 131.900207
43.028842 131.900207
43.028842 131.900207
43.028842 131.900207
43.028842 131.900207
43.028842 131.900207
43.028842 131.900207
43.028842 131.900207
43.028842 131.900207
43.028842 131.900207
43.028846 131.900177
43.028846 131.900177
43.028846 131.900177
43.028846 131.900177
43.028846 131.900177
43.028846 131.900177
43.028846 131.900177
43.028846 131.900177
43.028846 131.900177
43.028846 131.900177
43.028846 131.900177
43.028846 131.900177
43.028846 131.900177
43.028846 131.900177
43.028846 131.900177
43.028846 131.900177
43.028846 131.900177
43.028846 131.900177
43.028846 131.900177
43.028846 131.900177
43.028846 131.900177
43.028846 131.900177
43.028846 131.900177
43.028846 131.900177
43.028846 131.900177
43.028846 131.900177
43.028846 131.900177
43.028846 131.900177
43.028839 131.900161
43.028839 131.900161
43.028839 131.900161
43.028839 131.900161
43.028839 131.900161
43.028839 131.900161
43.028839 131.900161
43.028839 131.900161
43.028839 131.900161
43.028839 131.900161
43.028839 131.900161
43.028839 131.900161
43.028839 131.900161
43.028839 131.900161
43.028839 131.900161
43.028839 131.900161
43.028839 131.900161
43.028839 131.900161
43.028839 131.900161
43.028839 131.900161
43.028839 131.900161
43.028839 131.900161
43.028839 131.900161
43.028839 131.900161
43.028839 131.900161
43.028839 131.900161
43.028839 131.900146
43.028839 131.900146
43.028839 131.900146
43.028839 131.900146
43.028839 131.900146
43.028839 131.900146
43.028839 131.900146
43.028839 131.900146
43.028839 131.900146
43.028839 131.900146
43.028839 131.900146
43.028839 131.900146
43.028839 131.900146
43.028839 131.900146
43.028839 131.900146
43.028839 131.900146
43.028839 131.900146
43.028839 131.900146
43.028839 131.900146
43.028839 131.900146
43.028839 131.900146
43.028839 131.900146
43.028839 131.900146
43.028839 131.900146
43.028839 131.900146
43.028839 131.900131
43.028839 131.900131
43.028839 131.900131
43.028839 131.900131
43.028839 131.900131
43.028839 131.900131
43.028839 131.900131
43.028839 131.900131
43.028839 131.900131
43.028839 131.900131
43.028839 131.900131
43.028839 131.900131
43.028839 131.900131
43.028839 131.900131
43.028839 131.900131
43.028839 131.900131
43.028839 131.900131
43.028839 131.900131
43.028839 131.900131
43.028839 131.900131
43.028839 131.900131
43.028839 131.900131
43.028839 131.900131
43.028839 131.900131
43.028839 131.900131
43.028839 131.900131
43.028835 131.900115
43.028835 131.900115
43.028835 131.900115
43.028835 131.900115
43.028835 131.900115
43.028835 131.900115
43.028835 131.900115
43.028835 131.900115
43.028835 131.900115
43.028835 131.900115
43.028835 131.900115
43.028835 131.900115
43.028835 131.900115
43.028835 131.900115
43.028835 131.900115
43.028835 131.900115
43.028835 131.900115
43.028835 131.900115
43.028835 131.900115
43.028835 131.900115
43.028835 131.900115
43.028835 131.900115
43.028835 131.900115
43.028835 131.900115
43.028835 131.900115
43.028835 131.900115
43.028835 131.900115
43.028835 131.900115
43.028831 131.9001
43.028831 131.9001
43.028831 131.9001
43.028831 131.9001
43.028831 131.9001
43.028831 131.9001
43.028831 131.9001
43.028831 131.9001
43.028831 131.9001
43.028831 131.9001
43.028831 131.9001
43.028831 131.9001
43.028831 131.9001
43.028831 131.9001
43.028831 131.9001
43.028831 131.9001
43.028831 131.9001
43.028831 131.9001
43.028831 131.9001
43.028831 131.9001
43.028831 131.9001
43.028831 131.9001
43.028831 131.9001
43.028831 131.9001
43.028831 131.9001
43.028831 131.9001
43.028831 131.9001
43.028831 131.9001
43.028827 131.90007
43.028827 131.90007
43.028827 131.90007
43.028827 131.90007
43.028827 131.90007
43.028827 131.90007
43.028827 131.90007
43.028827 131.90007
43.028827 131.90007
43.028827 131.90007
43.028827 131.90007
43.028827 131.90007
43.028827 131.90007
43.028827 131.90007
43.028827 131.90007
43.028827 131.90007
43.028827 131.90007
43.028827 131.90007
43.028827 131.90007
43.028827 131.90007
43.028827 131.90007
43.028827 131.90007
43.028827 131.90007
43.028827 131.90007
43.028827 131.90007
43.028827 131.90007
43.028831 131.900054
43.028831 131.900054
43.028831 131.900054
43.028831 131.900054
43.028831 131.900054
43.028831 131.900054
43.028831 131.900054
43.028831 131.900054
43.028831 131.900054
43.028831 131.900054
43.028831 131.900054
43.028831 131.900054
43.028831 131.900054
43.028831 131.900054
43.028831 131.900054
43.028831 131.900054
43.028831 131.900054
43.028831 131.900054
43.028831 131.900054
43.028831 131.900054
43.028831 131.900054
43.028831 131.900054
43.028831 131.900054
43.028831 131.900054
43.028831 131.900054
43.028831 131.900054
43.028835 131.900039
43.028835 131.900039
43.028835 131.900039
43.028835 131.900039
43.028835 131.900039
43.028835 131.900039
43.028835 131.900039
43.028835 131.900039
43.028835 131.900039
43.028835 131.900039
43.028835 131.900039
43.028835 131.900039
43.028835 131.900039
43.028835 131.900039
43.028835 131.900039
43.028835 131.900039
43.028835 131.900039
43.028835 131.900039
43.028835 131.900039
43.028835 131.900039
43.028835 131.900039
43.028835 131.900039
43.028835 131.900039
43.028835 131.900039
43.028835 131.900039
43.028835 131.900024
43.028835 131.900024
43.028835 131.900024
43.028835 131.900024
43.028835 131.900024
43.028835 131.900024
43.028835 131.900024
43.028835 131.900024
43.028835 131.900024
43.028835 131.900024
43.028835 131.900024
43.028835 131.900024
43.028835 131.900024
43.028835 131.900024
43.028835 131.900024
43.028835 131.900024
43.028835 131.900024
43.028835 131.900024
43.028835 131.900024
43.028835 131.900024
43.028835 131.900024
43.028835 131.900024
43.028835 131.900024
43.028835 131.900024
43.028835 131.900024
43.028835 131.900024
43.028835 131.900024
43.028839 131.900009
43.028839 131.900009
43.028839 131.900009
43.028839 131.900009
43.028839 131.900009
43.028839 131.900009
43.028839 131.900009
43.028839 131.900009
43.028839 131.900009
43.028839 131.900009
43.028839 131.900009
43.028839 131.900009
43.028839 131.900009
43.028839 131.900009
43.028839 131.900009
43.028839 131.900009
43.028839 131.900009
43.028839 131.900009
43.028839 131.900009
43.028839 131.900009
43.028839 131.900009
43.028839 131.900009
43.028839 131.900009
43.028839 131.900009
43.028839 131.900009
43.028839 131.900009
43.028839 131.900009
43.028839 131.900009
43.028839 131.900009
43.028839 131.899978
43.028839 131.899978
43.028839 131.899978
43.028839 131.899978
43.028839 131.899978
43.028839 131.899978
43.028839 131.899978
43.028839 131.899978
43.028839 131.899978
43.028839 131.899978
43.028839 131.899978
43.028839 131.899978
43.028839 131.899978
43.028839 131.899978
43.028839 131.899978
43.028839 131.899978
43.028839 131.899978
43.028839 131.899978
43.028839 131.899978
43.028839 131.899978
43.028839 131.899978
43.028839 131.899978
43.028839 131.899978
43.028839 131.899978
43.028839 131.899978
43.028839 131.899978
43.028846 131.899963
43.028846 131.899963
43.028846 131.899963
43.028846 131.899963
43.028846 131.899963
43.028846 131.899963
43.028846 131.899963
43.028846 131.899963
43.028846 131.899963
43.028846 131.899963
43.028846 131.899963
43.028846 131.899963
43.028846 131.899963
43.028846 131.899963
43.028846 131.899963
43.028846 131.899963
43.028846 131.899963
43.028846 131.899963
43.028846 131.899963
43.028846 131.899963
43.028846 131.899963
43.028846 131.899963
43.02885 131.899948
43.02885 131.899948
43.02885 131.899948
43.02885 131.899948
43.02885 131.899948
43.02885 131.899948
43.02885 131.899948
43.02885 131.899948
43.02885 131.899948
43.02885 131.899948
43.02885 131.899948
43.02885 131.899948
43.02885 131.899948
43.02885 131.899948
43.02885 131.899948
43.02885 131.899948
43.02885 131.899948
43.02885 131.899948
43.02885 131.899948
43.02885 131.899948
43.02885 131.899948
43.02885 131.899948
43.02885 131.899948
43.02885 131.899948
43.028854 131.899932
43.028854 131.899932
43.028854 131.899932
43.028854 131.899932
43.028854 131.899932
43.028854 131.899932
43.028854 131.899932
43.028854 131.899932
43.028854 131.899932
43.028854 131.899932
43.028854 131.899932
43.028854 131.899932
43.028854 131.899932
43.028854 131.899932
43.028854 131.899932
43.028854 131.899932
43.028854 131.899932
43.028854 131.899932
43.028854 131.899932
43.028854 131.899932
43.028854 131.899932
43.028854 131.899932
43.028854 131.899932
43.028854 131.899932
43.028854 131.899932
43.028854 131.899932
43.028854 131.899932
43.028854 131.899902
43.028854 131.899902
43.028854 131.899902
43.028854 131.899902
43.028854 131.899902
43.028854 131.899902
43.028854 131.899902
43.028854 131.899902
43.028854 131.899902
43.028854 131.899902
43.028854 131.899902
43.028854 131.899902
43.028854 131.899902
43.028854 131.899902
43.028854 131.899902
43.028854 131.899902
43.028854 131.899902
43.028854 131.899902
43.028854 131.899902
43.028854 131.899902
43.028854 131.899902
43.028854 131.899902
43.028854 131.899902
43.028854 131.899902
43.028854 131.899902
43.028854 131.899902
43.028854 131.899902
43.028854 131.899902
43.028854 131.899887
43.028854 131.899887
43.028854 131.899887
43.028854 131.899887
43.028854 131.899887
43.028854 131.899887
43.028854 131.899887
43.028854 131.899887
43.028854 131.899887
43.028854 131.899887
43.028854 131.899887
43.028854 131.899887
43.028854 131.899887
43.028854 131.899887
43.028854 131.899887
43.028854 131.899887
43.028854 131.899887
43.028854 131.899887
43.028854 131.899887
43.028854 131.899887
43.028854 131.899887
43.028854 131.899887
43.028854 131.899887
43.028854 131.899887
43.028854 131.899887
43.028854 131.899887
43.028854 131.899887
43.028865 131.899856
43.028865 131.899856
43.028865 131.899856
43.028865 131.899856
43.028865 131.899856
43.028865 131.899856
43.028865 131.899856
43.028865 131.899856
43.028865 131.899856
43.028865 131.899856
43.028865 131.899856
43.028865 131.899856
43.028865 131.899856
43.028865 131.899856
43.028865 131.899856
43.028865 131.899856
43.028865 131.899856
43.028865 131.899856
43.028865 131.899856
43.028865 131.899856
43.028865 131.899856
43.028865 131.899856
43.028865 131.899856
43.028865 131.899856
43.028865 131.899856
43.028865 131.899841
43.028865 131.899841
43.028865 131.899841
43.028865 131.899841
43.028865 131.899841
43.028865 131.899841
43.028865 131.899841
43.028865 131.899841
43.028865 131.899841
43.028865 131.899841
43.028865 131.899841
43.028865 131.899841
43.028865 131.899841
43.028865 131.899841
43.028865 131.899841
43.028865 131.899841
43.028865 131.899841
43.028865 131.899841
43.028865 131.899841
43.028865 131.899841
43.028865 131.899841
43.028865 131.899841
43.028865 131.899841
43.028865 131.899841
43.028865 131.899841
43.028865 131.899826
43.028865 131.899826
43.028865 131.899826
43.028865 131.899826
43.028865 131.899826
43.028865 131.899826
43.028865 131.899826
43.028865 131.899826
43.028865 131.899826
43.028865 131.899826
43.028865 131.899826
43.028865 131.899826
43.028865 131.899826
43.028865 131.899826
43.028865 131.899826
43.028865 131.899826
43.028865 131.899826
43.028865 131.899826
43.028865 131.899826
43.028865 131.899826
43.028865 131.899826
43.028865 131.899826
43.028865 131.899826
43.028865 131.899826
43.028865 131.899826
43.028865 131.899826
43.028865 131.89981
43.028865 131.89981
43.028865 131.89981
43.028865 131.89981
43.028865 131.89981
43.028865 131.89981
43.028865 131.89981
43.028865 131.89981
43.028865 131.89981
43.028865 131.89981
43.028865 131.89981
43.028865 131.89981
43.028865 131.89981
43.028865 131.89981
43.028865 131.89981
43.028865 131.89981
43.028865 131.89981
43.028865 131.89981
43.028865 131.89981
43.028865 131.89981
43.028865 131.89981
43.028865 131.89981
43.028865 131.89981
43.028865 131.89981
43.028865 131.89981
43.028865 131.89981
43.028865 131.89981
43.028865 131.89981
43.028865 131.89981
43.028865 131.89978
43.028865 131.89978
43.028865 131.89978
43.028865 131.89978
43.028865 131.89978
43.028865 131.89978
43.028865 131.89978
43.028865 131.89978
43.028865 131.89978
43.028865 131.89978
43.028865 131.89978
43.028865 131.89978
43.028865 131.89978
43.028865 131.89978
43.028865 131.89978
43.028865 131.89978
43.028865 131.89978
43.028865 131.89978
43.028865 131.89978
43.028865 131.89978
43.028865 131.89978
43.028865 131.89978
43.028865 131.89978
43.028865 131.89978
43.028865 131.89978
43.028865 131.89978
43.028865 131.89978
43.028865 131.89978
43.028865 131.899765
43.028865 131.899765
43.028865 131.899765
43.028865 131.899765
43.028865 131.899765
43.028865 131.899765
43.028865 131.899765
43.028865 131.899765
43.028865 131.899765
43.028865 131.899765
43.028865 131.899765
43.028865 131.899765
43.028865 131.899765
43.028865 131.899765
43.028865 131.899765
43.028865 131.899765
43.028865 131.899765
43.028865 131.899765
43.028865 131.899765
43.028865 131.899765
43.028865 131.899765
43.028865 131.899765
43.028865 131.899765
43.028865 131.899765
